version https://git-lfs.github.com/spec/v1
oid sha256:6620bc22d8fc7de05e73e6fcfdce5b3d6af7f0cfb1284fbd0dcff29d61b1e56c
size 5043902
